# Created by Octave 4.0.2, Thu Sep 08 06:54:21 2016 CST <www-data@cube-Veriton-M6630G>
# name: result
# type: matrix
# rows: 70
# columns: 1
 0.978179291769378
 0.9781961780799807
 0.9551849808643501
 0.9782381526427055
 0.9782106252355289
 0.9780839157028914
 0.9822599167845955
 0.8645415082150154
 0.8439372360772509
 0.8397979935963699
 0.9012671309865196
 0.8335849605628727
 0.8647237788586516
 0.6448359326544112
 0.8778931121059227
 0.8573326396409502
 0.4123831154164599
 0.8608281159718048
 0.6518923546005749
 0.8586422338448824
 0.547373514546778
 0.9869285690310133
 0.9350786192324645
 0.940620823050379
 0.9837331793874668
 0.972146197053384
 0.9849624984388732
 0.9597921140219312
 0.9292393840504981
 0.9292382078255986
 0.8170294566878449
 0.9292360385690762
 0.8467817728914218
 0.9292403193413706
 0.2588833820917797
 0.9991030257147701
 0.9991000859788254
 0.9445623347268062
 0.9990854272891225
 0.990714201588748
 0.9991031325030775
 0.9846394814344482
 0.9950253613780516
 0.9939810383043328
 0.9189144898932785
 0.994606064108535
 0.9905454666861869
 0.9985111813010543
 0.8958520904511897
 0.9471375477640744
 0.9386224810631576
 0.8194710905397218
 0.9515246564290843
 0.9601558858906099
 0.9372150441269057
 0.8914596060322625
 0.9889507359806923
 0.9889513712652361
 0.9769487667275286
 0.988950570691546
 0.9889517423916808
 0.9889503871234666
 0.9889521295201033
 0.9108924610900332
 0.9241137326252558
 0.6017582906336774
 0.9519097106903086
 0.9004363329520541
 0.9407154939800967
 0.5287659505355533


