# Created by Octave 4.0.2, Wed Aug 31 18:35:51 2016 CST <root@cube-Veriton-M6630G>
# name: result
# type: matrix
# rows: 70
# columns: 1
 0.7160083002013455
 0.8579433527515822
 0.6277602275687403
 0.1040794437819952
 0.9077694114468133
 0.7619618543158178
 0.561269281427936
 0.2657508737251482
 0.09898068110786376
 0.2755240434361785
 0.1418921306066335
 0.055691062961283
 0.1087591166031394
 0.05121667852277831
 0.3321467677190172
 0.3616130503165809
 0.1007050807778782
 0.2827381529536436
 0.4205547408475079
 0.3305763648458497
 0.09417976495361184
 0.161768820781332
 0.1896620801361278
 0.6755504888661151
 0.05107506909392442
 0.04762059274888598
 0.2687433255013602
 0.2607184211802566
 0.6727739499194673
 0.6976348236108759
 0.07411799242942448
 0.4732155211841799
 0.7137129469367544
 0.6844870645413595
 0.176977815130808
 0.3993100450474562
 0.4577461535199873
 0.7978823168396225
 0.2020583911839207
 0.2286141582944821
 0.5239255544768825
 0.5539147831313054
 0.5013832795057374
 0.2444198745185674
 0.4266852861293908
 0.2150939126418326
 0.09623014047747971
 0.2457848439392091
 0.1776536108769983
 0.4994580014930063
 0.4983453674347
 0.6899787337982792
 0.2088902456780012
 0.06523318524090629
 0.4871969247463873
 0.07217983378590073
 0.6795934066117769
 0.679636548757632
 0.4309176269642444
 0.571925776237548
 0.3254152731302173
 0.6797526089335661
 0.5271848913274718
 0.2755069966647971
 0.1249118309607443
 0.488832339977424
 0.2751810962425326
 0.205084538473052
 0.3478686631433831
 0.6526929046917541


