# Created by Octave 4.0.2, Fri Sep 02 18:24:07 2016 CST <www-data@cube-Veriton-M6630G>
# name: result
# type: matrix
# rows: 70
# columns: 1
 0.5640820654961721
 0.6227222001895568
 0.2735871775842473
 0.6182832946655977
 0.2889550777451424
 0.4731463123717923
 0.430728783468887
 0.8719403110405013
 0.950967197150433
 0.4729329849421588
 0.981528737984961
 0.951585310829115
 0.9342415795781848
 0.8950298916526588
 0.7495849707006099
 0.7239140491597902
 0.9148316248314395
 0.8440450910991208
 0.6162614033455925
 0.7499959474922674
 0.8499648006186152
 0.4957844704609627
 0.3732335649343222
 0.1074814261943181
 0.9639532060112748
 0.4558516320972033
 0.4112025703797139
 0.5649763465059593
 0.3698852385589591
 0.3532863920316696
 0.8860276545342187
 0.273616848100708
 0.2524025068601872
 0.3708503594725527
 0.7713975378176471
 0.1678455032062655
 0.05327066210181139
 0.3642962604325871
 0.5300364667793248
 0.138438046576125
 0.1223904398214438
 0.555120394829707
 0.1893209216530739
 0.1523154134283939
 0.08168199028647935
 0.5333386180439031
 0.1541830373528547
 0.1587062949505986
 0.4480992843486817
 0.4436696300111337
 0.1984476885956693
 0.6433142384203462
 0.4479497943319373
 0.6595300414919376
 0.4417940003181547
 0.6258662249616269
 0.2766068827663535
 0.3614305897087761
 0.5804020475040828
 0.3523704411856773
 0.4493847074831879
 0.3672947292165646
 0.5540075973706515
 0.6436818831621735
 0.7533816470898044
 0.5707975084299355
 0.8933848906996968
 0.7314405493479071
 0.6655570586829576
 0.5636476866087931


