# name: Theta1
# type: matrix
# rows: 25
# columns: 41
 -0.02044527842285525 0.01754931426918109 0.01827621650303084 -0.01527256550293057 0.02617357308319818 0.01729836958421331 0.0611002503614632 0.08012068300460834 0.1540716223493618 0.07261112898769008 -0.2180930695985445 0.02382504061252506 -0.08182639382712385 -0.05758800382803139 -0.0002392865855232518 -0.09435674017926621 0.09758675536709194 0.1059817596225301 -0.08103876699578044 0.04818438557570699 -0.09336590018837039 0.03623317922887211 0.01564717908001704 0.04457815220795696 -0.0240011272048478 -0.01256986576350447 -0.03181937787803079 -0.1728595809668764 -0.0131411322003464 0.04454368658189758 0.1499997869185699 0.1274872965256216 -0.04235940329548984 -0.04878742391399299 -0.1379046223961664 -0.12508587034693 0.04724782113477285 0.0985719706013022 0.07406972638344425 0.05381671033185481 0.01291817200703504
 -0.09147198498799415 -0.01368017831474009 -0.03693341453681576 0.03600105114595496 0.02850976101472886 0.05426178650022905 0.06847345099416176 0.04344738925392488 0.02597533303170826 -0.004973888840671099 0.02715069623029975 0.3086722686818449 0.1068045612238763 0.02302595452222605 0.01769497012725695 0.0006280520389676139 -0.01174043343907751 -0.01154064858110807 -0.02367795090554132 -0.09286781421579127 0.06575236837613485 0.03461898166772145 -0.02883823685950987 0.009001401391267752 0.04803136880666863 -0.003388385686165344 0.01587124731820646 -0.02069050941379105 -0.005508390910965391 0.09166510324247147 0.00571718040053559 0.08726812756994337 -0.02145509274582038 -0.06382005738948957 -0.02133874092202653 -0.03779171444643985 0.06472335590849652 -0.02347758967909012 -0.002910360791842443 -0.03051578018676181 -0.04274042395466104
 0.1055390690959702 -0.02560372392644242 0.04215195179808365 0.02634866477303965 0.007851849474000524 -0.05181504808886408 -0.03692983080777542 -0.07518516715148811 -0.07050702604111551 0.003669510553741014 -0.05471045879660952 -0.04355791887016764 0.03503002488675081 0.1952925084683503 0.1622566419178809 0.1501804424480151 -0.02389499937993336 -0.01083410803080048 -0.02516090086273892 0.0324254028879075 -0.0003325551106151243 0.04511110755461351 -0.02061040040002983 0.0431718831071846 0.02031880895463917 -0.0105866317886771 -0.03253057896616744 -0.02203046722668941 -0.02759878939900861 -0.03891708107893669 -0.0580847136011705 0.003143284124574549 0.005821426953654265 -0.008769835606097476 0.02991611367592781 -0.02306374804082915 -0.002027912012724043 -0.02414417531490005 0.03550781135205273 0.003678153729630612 0.02448180641894354
 0.0398566674666269 -0.02403188785306394 0.02892424142423263 0.002513359420341112 -0.007768642077966929 0.006451511518946018 0.01442423709410177 -0.02808739684961922 0.01712809611222451 -0.007980553760236063 -0.02618499702118077 -0.2636117500473349 -0.07120885253698357 0.08232116872927918 -0.05022160600033929 -0.0129486845266677 0.05983424475034314 0.08247960588291874 0.01052481401131286 -0.02180225240227383 -0.03742647293190329 -0.01668610152187029 0.006527320366495356 0.02122087651970783 0.009021928275034414 -0.002494144188736731 0.01992627891460979 0.0469875102098597 -0.04447521149864685 0.008387426394186255 -0.04099061803506364 -0.0349457092591506 0.003371336552171662 0.02839728026278593 -0.07910134009442904 -0.06225046221978933 -0.1057621653107233 0.0458532090522185 0.05184502379337507 0.01116107047567867 0.02682014543728107
 -0.1182141509391873 0.04138358900909253 -0.03880102526526612 0.04976604266950368 -0.0448131239129563 0.02252243845035331 0.01981576149963185 0.09629506474733869 0.1278313370503305 0.04157846934241876 0.06890475299226927 -0.2329782523850764 0.1635183326659401 -0.006931203775824444 0.08708264113477976 -0.02066200515866959 0.1709519186889542 0.1028112823935161 0.09936360495545032 0.1274687732322808 0.03105292214145692 -0.02008337047716656 0.04647750163474036 0.05365738434078952 0.006057440365403534 -0.01860211209959543 0.01211128967336869 -0.06085568314821652 0.03542920327430277 0.07428878578442903 0.1000635625135124 -0.05438779473363321 -0.1731347728811038 0.01688501595977978 -0.02275459268595166 -0.04961116413528875 0.03760209530303141 -0.1152216863671048 -0.09497905891738982 -0.08937784476240776 0.04986785038672295
 -0.02184211761580318 0.01915522456482548 0.02932209443899768 -0.04101859116548133 0.02863016234454187 0.02721215457564589 -0.02011352934878751 0.03161637363948025 -0.03804327106456123 0.01932583944108827 0.06384894886984577 -0.05122613400911756 -0.08775407600802455 -0.1863401495871387 0.06153503991558781 0.1742700533288853 -0.02922369006327907 -0.01138908783087285 -0.03250819563207053 -0.03427101203698252 0.01358711496281505 -0.008338887522158485 0.001458605267319222 0.0353638203156644 0.04441676462955151 0.01101724108280849 0.03391137243009686 0.06945839198668319 0.03043988359542795 0.02220092304382425 0.05068698910438466 -0.1490626869269977 -0.02021624453157745 0.0761055474398464 0.04458163315143857 -0.0285172196673936 -0.02086858813195666 0.03422314035236352 0.04745638454927192 0.07296164419305133 0.002326585152469987
 0.0133715103610794 -0.03861451552901597 -0.04249637000910311 0.02174360644026783 0.02957418043810276 -0.05360574335670134 0.04052809592239474 -0.01655986632939167 0.1278796222875282 -0.004586331907995005 0.05324810464806672 -0.02769611611544229 -0.01606775496579397 0.0916056514189998 0.09091840445496252 -0.3646534882880161 -0.1040633702887826 -0.03514947994744121 -0.07190469111662608 -0.1272363677435554 -0.01998044750408463 -0.04419268354010458 0.009730038028155712 0.009903729758845927 -0.03626002601459712 -0.01606090372474994 0.003654778227749234 0.07129613189531547 -0.009889181302283253 -0.01120667330623554 -0.01223587193329205 0.002010361445664223 -0.002320014894627699 0.01016242368250734 -0.02775306192172471 -0.02236317391444043 -0.04166013458729223 0.04099100100348119 0.03508465102132526 0.07114156049187495 -0.02085974284903358
 0.08351191234967141 -0.01808189974691314 0.003326857040987175 -0.03222978561970158 0.005396264842448618 0.2872949294938326 -0.3206438489930689 0.3598197189224779 -0.5245263373304139 0.0563966123363008 -0.2068646160486541 0.2237667783797499 -0.2224582603568113 -0.0451191924175287 -0.1669666762971975 0.1239466108564235 0.1560924032065728 -0.3159567418974933 -0.00852293731243561 0.3877256739980618 0.1341277798869146 0.00203224518067583 -0.001394423276269704 0.00621484494528083 -0.04805841475414208 -0.03937405418549693 0.06943032820360052 -0.001221577416467508 0.12098958751752 -0.04647768064384685 0.03651057413241034 -0.008623935107335242 -0.02819777023047567 0.03844932270486705 0.04731021290143807 -0.009234602125640529 -0.03983082933727687 -0.1401628545144036 -0.06239525237993618 0.1384498731635106 -0.06260699377021076
 0.07612061011348863 0.02515630168056587 0.02227185134059821 -0.04352746647370862 0.02137197823639931 -0.01271749884478044 0.01686796097939128 0.04207073842049881 0.01410009833912259 0.006032686453113706 -0.01249064751848037 0.01240687690191549 0.01006932598858748 -0.01904718652776053 -0.02010694136335538 0.06348588636246273 -0.03524880898756772 -0.02224020756864744 -0.008992393627195406 0.009660641746904421 0.01700802380006759 0.02800243328752401 -0.03197664681049101 0.02064625786241565 0.04716573313812976 -0.02839755244747045 0.01275872633040864 0.03533324266977314 0.02382617914595676 0.05936685485757257 -0.02478746155553845 -0.1093319417687089 -0.06329334660887563 0.03016034584579501 0.0132861312163841 -0.007663250405652667 -0.04527427063163796 -0.02989854300535937 0.02505365488419471 -0.02496130806817527 0.04771812330245241
