# name: Theta1
# type: matrix
# rows: 25
# columns: 41
 -0.1137451192371716 -0.02047953414484728 0.007908258364116842 -0.05785166426197826 0.0256931660683313 -0.06907506707358424 -0.08786682210709576 0.001429918076071707 -0.1078473768044608 -0.01716497629979563 -0.04449406078627317 0.04648083994689735 -0.1447423462225902 0.05300163492283659 0.3342959946257071 0.1027802517904413 0.07307451245120362 0.08260288989026135 -0.04606925517646489 -0.04788465770590838 0.06194499976522107 -0.01628335204972352 0.008284310858267656 -0.03324049316429849 0.01311465536052769 0.1906147377491167 -0.05380150353876052 -0.01473764881559612 0.02580488250683816 -0.08005297597117435 0.2782057559207851 -0.03802912590342239 0.1023201559549145 -0.1460346237042794 0.04360759762219941 0.08181107792047966 0.1633942023271653 -0.07600416718720585 -0.03814414246126812 -0.02338054858800989 0.01276988848736194
 0.003460030200511828 -0.01067997145243602 -0.01180380674634383 0.01465942068194944 -4.35561787948595e-05 -0.01486306005498115 0.02201050711274159 -0.02546835206654995 0.07925376294297536 0.01036649407557794 -0.04208014220784166 -0.1803038745346944 -0.05067584845517971 -0.05079588230475311 0.143505303504933 -0.1605110716239395 0.1005520576037778 0.01863031534849512 -0.0008100683593602157 0.1577854018103246 -0.01659084243807182 -0.01587825627453942 -0.009638068069533167 0.008699119865016723 0.01158303156246214 -0.05002616246723642 -0.001198065212105185 0.01765689463539485 -0.08489569789180838 -0.01557479617213047 0.1732246253506117 0.1788215499724885 0.07046847190463291 0.1400880280845414 -0.126367905179649 -0.0787114997308655 0.2167622462040877 -0.03371661709911522 0.05231926105668271 -0.1055367241938983 0.05095559162666138
 0.03147197353546773 0.0182806827120093 -0.01286180037658397 0.005634613166654814 0.02792627430209343 -0.09102828867139753 -0.004942552019287645 -0.2134734726228705 0.01816870570945305 0.02138968319614787 -0.1023378080205666 0.1836384393392796 -0.06823638070626291 -0.03928444822739238 0.02468835478930359 0.1454960271749558 -0.2260427181803659 0.05259438883637974 0.07247051174548304 -0.1516833508825805 -0.002817208906338717 0.01712712901776655 -0.01655645711643839 0.003157925354794856 0.01928221773621593 0.09935911762450926 -0.1547647725938887 -0.08330474833186145 0.01910923988923122 -0.1349060401833371 -0.4357756984777351 -0.01644087814242035 0.2063177379358051 0.03690501079627952 0.1595554609058323 0.2589245847402995 0.05754060969924717 0.2216643781780457 -0.08130677173978909 -0.08059000272459743 -0.002422720744099898
 -0.09400964805593928 -0.0033445034699188 0.005213921835665587 -0.0009218173518336705 0.02924344302130204 0.003204204209696301 0.03685118993144783 -0.1240206150907666 0.1988283206173835 -0.09093036528708684 -0.06412218920566673 0.01628968923888021 0.1459758912373736 0.06554232844188522 0.05112651054657608 0.0966119112690101 -0.1543026442833842 0.01849319125389818 -0.1828703225997425 0.01922537113188696 -0.04072293857149838 0.007042056710017379 -0.02485830922292454 0.007071659115597477 -0.000279031369051276 0.07552857217672093 -0.1419661093427685 0.2384413012717408 0.1538813189698006 0.08138963897297548 -0.02220966000545683 0.07935405184082675 -0.03309568809292005 0.04238871965676283 0.1307022693326913 -0.2119710078406803 0.002790493843095035 -0.132351314126882 -0.09723213136115745 0.2613141365258625 -0.0284727748207542
 0.03640922085575526 -0.008157906949973334 0.01578159811177568 -0.1123660793802149 0.06191679577003534 -0.02585393787553146 0.0005617411282600556 -0.0467030434977178 -0.1185368086934126 0.02891459468882535 0.09620644630200492 0.1524866669244728 -0.2474327884145781 0.02567358856240563 -0.05118829691760196 -0.2202280634639759 0.2284325008671134 0.1752165144527208 0.1128192681460093 0.1299878743563861 -0.1125814062930278 -0.0008612936057876248 -0.01682185734505453 -0.05556968005240719 0.01416638022616235 0.1374563289885482 0.1511357481798828 -0.04822426928634726 0.07514930251222596 -0.02841858683886848 0.1213649499609967 -0.01504641180180266 0.1044186513010982 -0.1615299256320551 -0.03805241867293375 0.1750312186840585 0.01613231842646607 -0.2781636847525515 -0.02293660343389617 0.2047106673957857 0.03177361206498965
 0.04027291829735842 0.02099321431734512 0.002472129800151328 0.01836580792046752 0.03497071836079049 0.03978024464433606 0.119431130777812 -0.100557340524407 0.05988660671783953 0.01219852089144545 0.1341531407485893 0.1570639288394627 0.06336506557476493 -0.1072497123887015 -0.1145296689105117 0.1443154308742438 0.005643807544777623 -0.1785607436807425 0.1014257184672334 -0.03405204179589181 0.05715446669410684 0.015065760448702 -0.001893138219314646 0.03224267146930809 0.007240410378514723 -0.03338150424271705 0.1425279050923232 -0.0005609453318528455 0.07445200424811055 0.1205616536844323 0.1387681758321509 -0.2225574506174604 -0.001373429607828436 -0.1578723417359502 -0.03731008056387778 -0.04005530300216419 -0.1986320675227016 -0.1204455709464181 -0.03285401771852062 -0.03867637030475564 0.02703080592849842
 -0.02507071662477937 -0.004616366945909663 -0.01582146311731482 0.004029946794719973 0.004318541325632812 -0.01057778200796773 0.002656612029638748 -0.009060166998682572 -0.005020695859721992 -0.009148572712482112 -0.005988098677808401 0.08475210734913269 -0.02275145244548542 0.02124044025442716 0.06877541210065104 0.1659561544239097 0.09211684172462599 -0.0657003664434247 -0.03847014609314189 0.008926239148307705 0.01812186223836969 -0.0136364664071058 -0.00148764801341457 -0.0001842772361406483 0.004317964811979028 0.002009128817213284 0.004071344150808624 0.02078228189875065 0.005795126864394267 0.01689115781424039 0.01184163149908535 0.08244146919696799 0.01337754996482792 -0.07524965952364449 -0.09685071290191943 0.02525728960408454 0.1155873347691447 -0.001445641359576781 0.01206649378496113 0.002243199358415781 -0.01505764235988155
 0.06651979815779528 -0.01764414020419285 -0.006969143884484071 -0.01920900917132822 -0.00592816207200653 0.02088805276077088 -0.04436377158054749 -0.03282647497013198 -0.05119605822039585 0.007093494546127165 0.02773212070636734 0.3021650000026879 -0.1310776521350009 -0.03734473294360052 -0.05292512594864834 0.06764042942191768 0.02292538838322683 -0.1057033745156375 0.006683150226002068 0.08832075850929751 0.001489158179844132 -8.276149439100704e-05 -0.006338935478041625 0.01308466688032825 0.01927358304117686 -0.007793156723433004 -0.03719500549600919 0.0352218278089434 -0.02772029700289042 -0.04100090956445722 0.1002677728231199 0.1134139481407144 -0.1916068837833617 0.133771502309221 -0.0003608704573160945 -0.04344092579190129 -0.05421604843234791 0.07960270537359553 0.0606877545181278 0.1359417598200993 -0.01438386785867131
 -0.03080865440282922 -0.01871420487038752 0.001321797784931564 -0.07380825822141283 -0.01684581350312146 -0.1933123708983921 -0.06303075384385154 -0.06206282153178095 -0.0525246050764648 -0.1235650267942532 -0.127789172581381 0.02526380745752994 0.04749624954986823 -0.06258721250127047 -0.006842644729213751 0.09146658835678519 0.1724258641150012 0.08189466694931284 0.06446839751725116 0.08201777382943475 0.06232013567969046 -0.01800779177081431 0.009651179984171804 -0.01248508553565872 -0.01702821236005262 0.0312655086327708 0.01972304010742987 -0.01920305522208664 -0.03070945812003726 0.1104498329176154 0.1014312857341696 0.176127386475721 0.1810352922778656 -0.04555983470326255 -0.1407846321844424 -0.05406719346565392 0.1223762735087101 0.026009363548554 0.03278862069821861 0.02996974166489461 -0.04395724736982325
